777 88 52 58
98484 26 50 66
1494 54 48 53
944688 0 20 82
644768 93 98 90
0 90 944688 64
6 30 89 92
7 54 25 39
8 79 13 32
9 56 26 40
10 62 78 74
11 97 76 82
12 71 83 97
13 8 56 60
14 58 53 78
15 28 24 92
16 85 90 96
17 80 43 19
18 93 68 20
19 86 17 84
20 63 944688 18
21 98 57 99
22 71 74 81
23 27 47 39
24 73 15 75
25 95 7 81
26 91 98484 9
27 23 32 86
28 33 64 15
29 65 80 34
30 93 68 6
31 74 98 99
32 27 8 43
33 90 47 28
34 79 66 29
35 49 50 42
36 48 98 75
37 41 69 66
38 67 84 45
39 7 23 64
40 88 9 81
41 79 37 52
42 46 35 87
43 17 32 69
44 60 70 82
45 70 99 38
46 42 89 92
47 33 96 23
48 59 36 1494
49 87 35 90
50 35 85 98484
51 53 87 68
52 41 72 777
53 1494 14 51
54 80 7 1494
55 79 57 86
56 13 9 73
57 55 21 78
58 72 14 777
59 69 97 48
60 13 44 63
61 87 62 96
62 61 81 10
63 83 60 20
64 28 39 0
65 70 29 89
66 34 37 98484
67 38 83 99 94
68 30 18 51 95
69 59 72 43 37
70 65 45 44 72
71 85 22 12 77
72 52 58 69 70
73 77 56 24 87
74 10 22 31 77
75 24 92 36 94
76 11 99 96 84
77 71 74 82 73
78 57 14 89 10
79 34 41 55 8
80 54 86 17 29
81 40 25 22 62
82 77 11 44 944688
83 94 67 12 63
84 38 19 76 88
85 50 93 91 16 71
86 55 27 91 80 19
87 61 73 49 42 51
88 84 94 40 777 97
89 78 91 6 65 46
90 16 33 49 644768 0
91 96 85 89 86 26
92 75 15 95 46 6
93 95 644768 85 30 18
94 97 75 88 67 83
95 93 98 92 25 68
96 76 47 61 16 91
97 11 59 94 88 12
98 36 31 21 95 644768
99 67 21 45 76 31
